3 1,-4 coll
1 -6,-6
3 -3,3 coll
1 4,-13
2 8,-3
2 8,-7
1 -3,2
3 -2,-12 coll
3 1,-3 coll
1 -2,-2
3 1,-5 coll
3 1,-2 coll
3 1,-11 coll
2 -6,-3
1 1,-6
3 -2,-5 coll
1 -8,-5
2 8,-9
3 -7,-1 coll
3 -11,1 coll
3 5,-5 coll
1 -1,-4
2 -8,-12
2 -6,-4
3 5,-6 coll
1 -8,3
2 -11,-6
1 -4,4
2 -5,-16
1 6,-10
3 -5,-3 coll
3 5,-9 coll
3 -11,3 coll
1 -8,1
3 -9,-1 coll
3 1,-9 coll
1 3,-10
3 -4,-11 coll
3 -2,-9 coll
2 -10,-11
3 -9,4 coll
2 -6,-12
2 -9,6
3 -10,-8 coll
3 0,-15 coll
1 -2,2
3 -4,3 coll
1 2,-10
2 -6,-14
3 -7,2 coll
2 -10,-4
2 6,6
2 -2,-14
2 -2,-16
2 -5,-14
3 0,5 coll
1 2,-12
3 2,5 coll
2 -9,-4
1 -3,4
1 -8,-1
2 8,6
2 5,6
2 2,6
2 7,6
2 4,6
2 1,6
3 -5,5 coll
2 3,6
3 -1,-9 coll
1 0,-4
2 -12,-9
2 8,3
1 -8,-3
3 4,3 coll
3 5,3 coll
2 -1,1
3 0,-5 coll
1 2,3
3 7,-11 coll
2 8,4
2 5,-16
1 2,-7
3 -10,-6 coll
2 0,-13
2 -1,-16
2 8,-8
1 0,-1
1 2,4
2 -1,0
1 -5,-8
1 2,2
1 -2,6
2 8,1
2 2,-2
1 2,-6
1 4,1
3 3,1 coll
1 0,1
3 5,1 coll
1 -8,-6
1 0,-9
2 -6,0
3 -7,-11 coll
2 -13,-6
2 8,2
3 5,2 coll
3 -3,-3 coll
1 4,2
1 4,-8
1 3,2
1 0,2
1 5,-14
2 -1,-12
1 0,0
2 -10,3
3 -7,-13 coll
2 -7,-4
2 -1,-2
3 1,-17 coll
3 1,1 coll
2 -8,-8
3 -5,-10 coll
1 4,-4
3 1,-18 coll
3 -1,-5 coll
3 5,0 coll
3 -3,-15 coll
2 8,-15
2 8,0
2 1,0
2 2,0
1 -1,-10
2 -2,-7
3 7,-18 coll
3 7,-17 coll
3 1,-16 coll
3 7,-15 coll
2 -4,-12
2 -11,-1
3 7,-14 coll
1 -1,6
3 7,-13 coll
3 -3,7 coll
3 -7,3 coll
3 7,-10 coll
3 -2,-13 coll
1 5,-12
2 -6,-11
3 5,-8 coll
3 -6,6 coll
1 -7,-6
3 5,-7 coll
1 -2,-1
3 5,-4 coll
1 -6,4
2 -6,-1
3 5,-3 coll
3 -4,-14 coll
3 5,-2 coll
2 -9,0
3 5,-1 coll
2 -4,-16
3 3,3 coll
3 3,4 coll
3 -4,-7 coll
3 3,5 coll
3 1,5 coll
1 -6,-7
3 0,6 coll
3 0,7 coll
3 -7,-3 coll
1 4,-10
3 -1,7 coll
3 -2,7 coll
2 -3,-13
3 -4,7 coll
3 -4,6 coll
3 -4,5 coll
2 8,-4
3 -9,2 coll
3 -9,3 coll
3 -1,-13 coll
3 3,-4 coll
3 -8,5 coll
3 -7,5 coll
2 -3,1
3 -3,-11 coll
2 -11,0
1 -4,-2
3 -1,-7 coll
3 -6,7 coll
1 4,-12
3 -7,7 coll
3 -8,7 coll
3 3,-3 coll
3 3,-1 coll
2 -6,-2
3 3,-5 coll
3 -9,7 coll
3 3,-2 coll
1 6,-11
3 3,-6 coll
2 -3,0
3 -10,7 coll
3 -11,7 coll
3 -11,6 coll
3 -11,5 coll
2 -13,-8
1 -8,-4
2 -1,-1
1 -8,2
1 4,-14
3 -11,4 coll
3 -11,2 coll
3 -6,3 coll
2 8,-11
2 -10,-12
3 -12,0 coll
2 -8,-13
1 0,4
1 6,-13
3 -5,-2 coll
3 -12,-2 coll
1 -8,0
2 0,-14
1 3,-11
3 -11,-3 coll
3 -11,-4 coll
3 -7,-9 coll
3 1,-7 coll
3 -9,-5 coll
2 4,-16
1 -4,-9
3 -9,5 coll
3 7,-9 coll
2 8,-13
2 0,-12
3 -9,-10 coll
3 -5,1 coll
3 -5,-11 coll
3 -5,-9 coll
3 -6,-9 coll
3 -11,-5 coll
2 -10,4
3 -7,-8 coll
3 -7,-7 coll
3 -5,-5 coll
1 6,-12
3 -10,-1 coll
2 -2,1
3 -9,-6 coll
3 1,-12 coll
2 8,5
1 5,-10
3 -6,-13 coll
3 -5,-13 coll
3 -4,-13 coll
1 2,-11
2 -6,2
3 -10,-7 coll
1 -4,1
1 -4,-10
3 7,-19 coll
3 -10,-9 coll
1 -1,4
1 -4,-1
1 -2,0
3 1,-14 coll
3 1,-13 coll
3 -2,-15 coll
3 0,-11 coll
2 -11,-10
3 1,-10 coll
3 2,-9 coll
3 3,-9 coll
2 -5,-15
2 0,-16
1 2,-13
3 3,-8 coll
3 3,-7 coll
2 -7,1
3 -9,-3 coll
3 -9,-2 coll
3 -9,-7 coll
3 -2,-3 coll
3 -7,0 coll
3 -7,-2 coll
3 -10,-5 coll
3 -5,2 coll
1 -8,4
1 1,4
3 -3,-9 coll
2 -8,6
3 -3,-8 coll
3 -2,3 coll
2 8,-16
3 -5,-6 coll
3 -1,3 coll
1 3,-12
3 -6,-5 coll
3 -5,-4 coll
2 8,-6
1 -1,2
3 -9,-9 coll
1 5,-11
3 -4,-3 coll
3 -5,-1 coll
3 -5,0 coll
1 0,-3
3 -2,-11 coll
3 0,-7 coll
2 -2,-8
1 0,-10
3 7,-12 coll
2 3,-16
2 8,-2
1 4,-2
3 -12,1 coll
1 4,-6
3 -5,3 coll
2 -3,-14
3 -2,5 coll
3 1,2 coll
1 4,-3
2 -10,-10
1 4,-7
3 -3,-7 coll
2 2,-1
3 0,3 coll
3 2,-5 coll
3 1,3 coll
2 -10,0
3 -2,4 coll
1 -3,-2
1 -4,-8
2 -10,2
1 2,-8
2 -9,-12
3 2,1 coll
3 3,0 coll
3 1,-1 coll
3 -1,-3 coll
3 -8,-7 coll
1 -6,-8
2 -6,1
3 -12,-1 coll
3 -5,-7 coll
2 -10,-3
2 -9,-8
1 -5,4
1 -1,-6
1 4,-11
2 2,-3
2 -13,-7
3 -3,-5 coll
1 4,-9
3 -8,-10 coll
3 1,-15 coll
1 -7,4
2 -10,-2
1 -2,-10
1 4,-1
2 -8,-9
1 -8,-2
3 -7,-5 coll
3 -1,-15 coll
3 6,-9 coll
2 8,-1
2 -3,-1
2 -10,5
3 -1,-8 coll
1 0,-6
1 -3,6
1 4,-5
1 4,0
3 -7,-10 coll
1 0,-2
1 3,-13
1 -4,2
3 -7,-12 coll
2 -8,-14
3 -12,-3 coll
1 6,-14
3 -4,-15 coll
2 -11,-2
2 -10,1
2 -10,6
2 -7,6
1 5,-13
2 2,-4
1 3,-14
2 -1,-14
1 0,-8
2 8,-12
1 -4,-6
1 -4,-5
2 -3,-12
3 1,-19 coll
1 -2,-4
2 -7,-14
1 -1,5
1 -4,0
2 6,-16
2 -6,-10
1 -3,-6
2 -1,-11
1 1,-8
1 -3,5
2 -12,-6
2 -12,-8
3 -6,5 coll
3 -9,1 coll
1 -3,-4
2 8,-14
2 -12,-10
2 2,-16
3 7,-16 coll
2 8,-5
1 -2,-6
2 8,-10
2 -3,-16
2 -5,-12
1 -4,-4
1 2,-14
1 -3,-10
